event(a(1),[datime(2011,8,19,7,44,0,1),datime(2011,8,19,7,44,0,1)]).
event(b(1),[datime(2011,8,19,7,44,0,2),datime(2011,8,19,7,44,0,2)]).
event(temp_e_1(a(1),b(1)),[datime(2011,8,19,7,44,0,1),datime(2011,8,19,7,44,0,2)]).
event(c(1),[datime(2011,8,19,7,44,0,1),datime(2011,8,19,7,44,0,2)]).
event(a(2),[datime(2011,8,19,7,44,0,3),datime(2011,8,19,7,44,0,3)]).
event(b(2),[datime(2011,8,19,7,44,0,4),datime(2011,8,19,7,44,0,4)]).
event(temp_e_1(a(2),b(2)),[datime(2011,8,19,7,44,0,3),datime(2011,8,19,7,44,0,4)]).
event(c(2),[datime(2011,8,19,7,44,0,3),datime(2011,8,19,7,44,0,4)]).
event(a(1),[datime(2011,8,19,7,52,21,1),datime(2011,8,19,7,52,21,1)]).
event(b(1),[datime(2011,8,19,7,52,21,2),datime(2011,8,19,7,52,21,2)]).
event(temp_e_1(a(1),b(1)),[datime(2011,8,19,7,52,21,1),datime(2011,8,19,7,52,21,2)]).
event(c(1),[datime(2011,8,19,7,52,21,1),datime(2011,8,19,7,52,21,2)]).
event(a(2),[datime(2011,8,19,7,52,21,3),datime(2011,8,19,7,52,21,3)]).
event(b(2),[datime(2011,8,19,7,52,21,4),datime(2011,8,19,7,52,21,4)]).
event(temp_e_1(a(2),b(2)),[datime(2011,8,19,7,52,21,3),datime(2011,8,19,7,52,21,4)]).
event(c(2),[datime(2011,8,19,7,52,21,3),datime(2011,8,19,7,52,21,4)]).
